1 0.508633 0.297134 0.822385 0.123972
1 0.507341 0.754798 0.820374 0.174181
1 0.506517 0.594117 0.820040 0.097525
1 0.507922 0.443469 0.822054 0.142308
1 0.506998 0.197452 0.823312 0.016078
0 0.506708 0.035478 0.088177 0.012966
3 0.830973 0.106874 0.174646 0.033701
3 0.638169 0.106839 0.173981 0.034395
1 0.506465 0.166931 0.822803 0.015750
2 0.589833 0.137525 0.077484 0.028759
2 0.686304 0.137795 0.077480 0.028218
2 0.782625 0.137784 0.077480 0.028759
2 0.879484 0.138174 0.077480 0.027841
1 0.507554 0.887662 0.819542 0.031074
