1 0.512160 0.705258 0.827249 0.034110
0 0.513250 0.039812 0.080636 0.013910
2 0.733968 0.147407 0.073528 0.029436
2 0.860511 0.147351 0.073532 0.029228
3 0.797150 0.116084 0.199980 0.033689
1 0.513013 0.177743 0.828825 0.016182
1 0.512391 0.515122 0.828862 0.020472
1 0.511862 0.615838 0.828319 0.016158
1 0.511299 0.746371 0.828858 0.016911
1 0.512683 0.777809 0.828351 0.016411
1 0.512906 0.433898 0.828725 0.111973
1 0.512741 0.209664 0.828821 0.016367
1 0.512936 0.297693 0.828753 0.128399
1 0.511484 0.655578 0.828600 0.033205
1 0.512735 0.837153 0.829204 0.032289
1 0.513190 0.566154 0.828970 0.048996
