1 0.501084 0.301566 0.811188 0.042726
1 0.499596 0.480801 0.810847 0.107954
2 0.751098 0.157081 0.026588 0.010116
2 0.651765 0.157559 0.027451 0.011394
1 0.499486 0.593301 0.810910 0.057906
1 0.500002 0.345136 0.808867 0.014672
0 0.504735 0.102741 0.262420 0.013112
3 0.799018 0.143271 0.100529 0.012701
3 0.601218 0.143865 0.082929 0.011975
2 0.850588 0.157132 0.026588 0.010116
2 0.550216 0.157322 0.028510 0.010533
1 0.499812 0.725462 0.809404 0.178105
1 0.500141 0.373269 0.808871 0.014669
1 0.500369 0.221500 0.809757 0.058028
