1 0.499613 0.375975 0.861665 0.036628
1 0.499589 0.612180 0.862101 0.048300
1 0.499879 0.309012 0.862197 0.048666
1 0.499613 0.521084 0.862052 0.085055
2 0.768611 0.254446 0.029090 0.008413
2 0.552856 0.254549 0.028848 0.008550
2 0.874637 0.254824 0.028945 0.008895
1 0.499540 0.726607 0.861810 0.156293
2 0.661036 0.254292 0.029138 0.008653
0 0.499274 0.207062 0.276960 0.010226
3 0.821176 0.242594 0.096563 0.009812
1 0.499879 0.412244 0.862488 0.012175
3 0.607285 0.242134 0.091820 0.008824
1 0.499710 0.436491 0.862149 0.012517
