1 0.498696 0.546598 0.858929 0.093080
1 0.499304 0.233799 0.858076 0.093335
1 0.499380 0.714111 0.858590 0.037328
2 0.780737 0.146093 0.028224 0.009087
2 0.881399 0.146427 0.027964 0.008732
3 0.830983 0.126031 0.103249 0.021785
1 0.499318 0.609907 0.857686 0.011973
1 0.499561 0.170115 0.858227 0.012056
1 0.499592 0.767946 0.858409 0.024776
1 0.499410 0.661479 0.858832 0.024198
1 0.499077 0.632546 0.858046 0.013061
0 0.502069 0.074093 0.082849 0.012349
1 0.499598 0.431223 0.858482 0.094639
1 0.499229 0.326469 0.857502 0.069996
