1 0.512513 0.552333 0.807950 0.035091
1 0.512513 0.583762 0.806262 0.015623
1 0.512198 0.273437 0.807676 0.098405
1 0.511923 0.657127 0.807720 0.056790
1 0.510809 0.770735 0.811158 0.051915
1 0.512733 0.849537 0.806144 0.057013
3 0.797842 0.108071 0.237023 0.027946
2 0.861040 0.135014 0.110601 0.025216
3 0.553725 0.107862 0.214891 0.027681
2 0.734075 0.135014 0.109996 0.025216
2 0.501179 0.134431 0.109086 0.025944
2 0.617870 0.134528 0.087272 0.026187
0 0.514510 0.057815 0.220596 0.014788
1 0.511921 0.167239 0.808229 0.026992
1 0.512530 0.203602 0.807089 0.014189
1 0.512298 0.343684 0.807337 0.020174
1 0.512713 0.401090 0.807611 0.071539
1 0.511921 0.458252 0.808229 0.018558
1 0.511501 0.501718 0.809634 0.048583
