2 0.710330 0.109487 0.038617 0.019168
2 0.840990 0.108647 0.038310 0.018866
3 0.774554 0.087674 0.107945 0.030844
0 0.127079 0.064570 0.073544 0.021734
1 0.501585 0.138729 0.818943 0.013518
1 0.501870 0.206411 0.818075 0.095074
1 0.503442 0.301581 0.822593 0.066939
1 0.501861 0.369050 0.818165 0.041118
1 0.501159 0.436780 0.816754 0.068096
1 0.502047 0.583210 0.818098 0.198812
1 0.500310 0.710693 0.818916 0.028994
1 0.500796 0.761012 0.819399 0.043851
1 0.501568 0.811316 0.820589 0.027500
1 0.501165 0.872585 0.822244 0.067523
