1 0.500957 0.208535 0.810306 0.059189
2 0.651896 0.142856 0.031424 0.012626
0 0.497035 0.088396 0.243686 0.014385
3 0.799829 0.129053 0.089204 0.012456
3 0.600918 0.129737 0.089600 0.013123
2 0.849512 0.142534 0.029839 0.012080
1 0.501380 0.295078 0.814996 0.054251
1 0.500773 0.478698 0.810408 0.103754
1 0.500149 0.345314 0.810706 0.015768
1 0.499784 0.374841 0.810620 0.015438
2 0.750902 0.142668 0.029255 0.011759
2 0.550000 0.142610 0.030118 0.011249
1 0.500149 0.589719 0.811075 0.060000
1 0.498949 0.731903 0.811137 0.191766
