1 0.500000 0.611041 0.860073 0.028495
2 0.885038 0.213714 0.029979 0.009015
1 0.500092 0.348870 0.859362 0.047522
1 0.499871 0.404855 0.859307 0.036648
1 0.499840 0.442850 0.859758 0.012475
1 0.499599 0.468257 0.859198 0.011776
1 0.500083 0.494047 0.859876 0.011992
1 0.499708 0.520638 0.859198 0.013747
1 0.499867 0.548261 0.859867 0.013953
1 0.499592 0.575705 0.859135 0.013104
0 0.499286 0.146131 0.263376 0.012702
1 0.498961 0.260672 0.860233 0.056060
3 0.836334 0.179855 0.105977 0.021056
2 0.786986 0.214011 0.028128 0.008728
