0 0.499894 0.074450 0.075166 0.011550
1 0.499286 0.315605 0.861773 0.071612
1 0.498336 0.227490 0.855287 0.080847
1 0.499687 0.732034 0.859567 0.024111
3 0.831594 0.125823 0.105354 0.022531
1 0.499168 0.598012 0.857985 0.013040
1 0.500059 0.517332 0.859707 0.082634
1 0.499229 0.626977 0.857804 0.024754
1 0.499235 0.412869 0.859389 0.083685
1 0.499335 0.680045 0.858863 0.038200
1 0.499365 0.575171 0.857955 0.011821
2 0.881478 0.146342 0.027311 0.008935
2 0.780572 0.146181 0.027314 0.008933
1 0.499176 0.169860 0.858358 0.011789
