1 0.515048 0.729847 0.831404 0.017186
1 0.514068 0.344225 0.832857 0.020109
3 0.783650 0.097576 0.233047 0.031353
2 0.865315 0.126336 0.069790 0.026343
2 0.710680 0.126373 0.087058 0.026548
1 0.514800 0.583740 0.832950 0.016085
1 0.515081 0.546646 0.832066 0.029705
1 0.514477 0.501907 0.832466 0.030791
1 0.514344 0.465108 0.833402 0.017813
1 0.513680 0.197638 0.833721 0.015275
1 0.514443 0.404962 0.832889 0.075742
0 0.515063 0.028312 0.205371 0.015093
1 0.514691 0.162882 0.834185 0.034280
1 0.514588 0.271819 0.834423 0.102953
1 0.514576 0.843000 0.832026 0.061794
1 0.514582 0.646391 0.832337 0.031826
