1 0.502513 0.815536 0.811479 0.049132
3 0.587324 0.170489 0.203174 0.021574
0 0.511513 0.109417 0.312949 0.015940
2 0.530936 0.192051 0.090108 0.022672
1 0.502270 0.664255 0.807834 0.044851
2 0.861049 0.192213 0.089715 0.022128
2 0.748714 0.192106 0.089474 0.022426
1 0.502230 0.332596 0.807352 0.086553
1 0.501675 0.235330 0.808678 0.066523
1 0.501949 0.473149 0.807513 0.152426
1 0.502230 0.596340 0.807111 0.045191
3 0.804815 0.169411 0.202109 0.023911
1 0.502230 0.732128 0.807593 0.045447
2 0.644395 0.192170 0.088550 0.022128
