3 0.653117 0.179261 0.105103 0.022379
1 0.502244 0.349215 0.858028 0.046712
1 0.500741 0.260186 0.861434 0.055515
1 0.499427 0.404891 0.862677 0.037969
2 0.605883 0.213809 0.029552 0.008978
0 0.499862 0.146189 0.262883 0.012758
2 0.701125 0.213950 0.027731 0.009004
1 0.499153 0.610838 0.859407 0.028602
2 0.795110 0.213674 0.030003 0.009271
2 0.887423 0.213883 0.031361 0.009382
1 0.499637 0.442807 0.859286 0.012505
1 0.500212 0.468501 0.859710 0.012377
1 0.500121 0.494339 0.860436 0.013006
1 0.499743 0.520778 0.859437 0.013809
1 0.499561 0.548400 0.860466 0.014158
1 0.499970 0.576305 0.859468 0.014346
3 0.841036 0.179326 0.105738 0.022794
