0 0.104683 0.141477 0.073587 0.013666
1 0.499322 0.346888 0.862827 0.109576
1 0.499589 0.255951 0.862197 0.048495
1 0.499637 0.523632 0.862101 0.099726
1 0.499540 0.684513 0.862585 0.086057
1 0.499463 0.834215 0.862352 0.023430
1 0.499806 0.599384 0.862149 0.012244
1 0.499734 0.876197 0.862875 0.012722
1 0.499710 0.755352 0.862343 0.012209
3 0.643250 0.135660 0.126665 0.020992
1 0.499925 0.791125 0.863267 0.014193
1 0.499540 0.432049 0.861133 0.015944
3 0.870237 0.135722 0.110465 0.021306
2 0.579647 0.176795 0.029284 0.008379
2 0.907841 0.176864 0.029332 0.008174
2 0.690368 0.176915 0.030300 0.008960
1 0.499613 0.213589 0.862149 0.011652
2 0.803243 0.176915 0.029526 0.008687
