1 0.502398 0.490901 0.812961 0.184850
1 0.503228 0.228395 0.815715 0.070058
2 0.521229 0.177098 0.090321 0.033460
1 0.502556 0.331376 0.811772 0.090722
2 0.857348 0.177342 0.097503 0.033052
1 0.501110 0.774944 0.814269 0.047871
2 0.635824 0.177062 0.089723 0.032609
3 0.577786 0.148857 0.204966 0.019579
1 0.502319 0.703070 0.814467 0.047647
2 0.740793 0.177127 0.089695 0.033608
1 0.501942 0.853003 0.814427 0.046033
0 0.506986 0.084953 0.297412 0.016862
3 0.801132 0.148456 0.207091 0.019583
1 0.501566 0.631533 0.812961 0.047378
