2 0.701679 0.213884 0.028705 0.009513
1 0.499940 0.260730 0.859710 0.057031
1 0.499607 0.404926 0.861645 0.037954
3 0.653775 0.179279 0.105275 0.022555
3 0.842226 0.179949 0.092861 0.021163
2 0.605581 0.213596 0.028221 0.008679
2 0.795236 0.213649 0.027616 0.008743
1 0.500080 0.611014 0.859906 0.028412
1 0.499927 0.575870 0.859359 0.013254
1 0.501053 0.548081 0.860932 0.013277
1 0.500451 0.520283 0.860647 0.013298
1 0.500163 0.494416 0.860218 0.012929
1 0.499788 0.468384 0.859165 0.012056
1 0.499985 0.442764 0.859679 0.012463
0 0.499881 0.146190 0.262864 0.012773
2 0.887550 0.214015 0.030200 0.008824
1 0.501878 0.348738 0.861349 0.046941
