1 0.499253 0.691204 0.859909 0.037858
1 0.497834 0.419513 0.860157 0.094647
1 0.499492 0.315662 0.861924 0.071896
1 0.499208 0.227361 0.858693 0.080930
1 0.499214 0.528857 0.861585 0.082473
3 0.829787 0.125743 0.096234 0.023119
2 0.778622 0.146429 0.028001 0.009575
2 0.880823 0.146071 0.030175 0.009008
0 0.501255 0.074279 0.079449 0.012683
1 0.499270 0.170030 0.858775 0.012116
1 0.499018 0.586722 0.858521 0.011943
1 0.499259 0.609502 0.857683 0.012976
1 0.499667 0.638232 0.858984 0.024220
1 0.500726 0.745147 0.855596 0.025566
