2 0.756990 0.254051 0.028529 0.011793
2 0.696488 0.254233 0.028529 0.011793
2 0.636392 0.254958 0.028533 0.011793
2 0.576802 0.255049 0.028529 0.011793
3 0.726506 0.232525 0.097208 0.024522
3 0.606422 0.232280 0.109235 0.023506
1 0.497704 0.269796 0.815808 0.016315
1 0.502908 0.452681 0.811627 0.091909
1 0.500367 0.558817 0.812365 0.090658
1 0.498596 0.703458 0.812329 0.169659
1 0.498237 0.300116 0.815808 0.016315
1 0.499794 0.358245 0.812843 0.072398
0 0.499916 0.198539 0.073620 0.014483
3 0.847922 0.231658 0.113961 0.026347
2 0.876371 0.254051 0.028529 0.011793
2 0.816073 0.254233 0.028529 0.011793
