3 0.869240 0.285123 0.086496 0.029412
2 0.774637 0.308362 0.028751 0.008311
2 0.710939 0.308276 0.029235 0.008208
2 0.901767 0.308328 0.029090 0.008516
2 0.838311 0.308122 0.029284 0.008105
2 0.647725 0.309131 0.029138 0.008618
2 0.584124 0.308858 0.029042 0.008140
0 0.499903 0.251517 0.073475 0.010010
3 0.743006 0.289798 0.107793 0.019268
3 0.615368 0.285089 0.081075 0.029412
1 0.499678 0.485720 0.860150 0.090940
1 0.499627 0.397049 0.860571 0.061197
1 0.499710 0.583083 0.859923 0.077589
1 0.499758 0.699920 0.860503 0.130414
1 0.499661 0.347538 0.860310 0.013201
1 0.499734 0.321512 0.860165 0.013748
