2 0.730657 0.146811 0.064384 0.020400
2 0.802656 0.146877 0.064660 0.020061
1 0.501578 0.860375 0.812310 0.074879
1 0.501173 0.465521 0.809965 0.134806
1 0.501183 0.305657 0.810693 0.146235
1 0.500880 0.599539 0.812007 0.095889
1 0.500795 0.733884 0.811397 0.134691
1 0.501460 0.165663 0.811610 0.019885
0 0.501578 0.076736 0.069595 0.014556
3 0.838457 0.123377 0.136183 0.027238
1 0.501053 0.203936 0.810952 0.019627
3 0.692739 0.123219 0.140142 0.027123
2 0.874280 0.146846 0.064427 0.020238
2 0.656513 0.147023 0.067241 0.020061
