2 0.577698 0.233070 0.028016 0.012031
2 0.637516 0.232242 0.027541 0.012594
0 0.501500 0.171182 0.074929 0.014675
1 0.498351 0.448583 0.815165 0.099070
1 0.500922 0.248451 0.807412 0.017483
2 0.876131 0.232148 0.027824 0.013340
2 0.816324 0.231821 0.027729 0.012502
2 0.756894 0.231867 0.029545 0.012777
2 0.696943 0.231588 0.029165 0.012219
1 0.498453 0.563936 0.814475 0.099380
1 0.497635 0.348187 0.815161 0.071653
1 0.497163 0.721064 0.816443 0.181002
1 0.500431 0.281666 0.808941 0.016010
3 0.607441 0.208147 0.108718 0.025788
3 0.727761 0.208309 0.104094 0.026274
3 0.845900 0.208793 0.112357 0.027242
