1 0.499456 0.696867 0.862298 0.012588
3 0.636433 0.273497 0.162302 0.021374
1 0.498101 0.326461 0.865492 0.035252
2 0.577621 0.290510 0.028548 0.007581
1 0.499577 0.593032 0.862218 0.035024
2 0.678367 0.290638 0.027863 0.007780
2 0.880121 0.290724 0.028387 0.007837
1 0.499367 0.534924 0.862798 0.011485
1 0.499577 0.650755 0.862379 0.057680
3 0.840444 0.273700 0.147339 0.021040
1 0.498740 0.489199 0.863891 0.058364
1 0.499042 0.390496 0.863448 0.047221
1 0.499637 0.746338 0.862581 0.013622
1 0.499677 0.721416 0.862500 0.014107
2 0.779375 0.290752 0.028508 0.008008
1 0.499617 0.431262 0.862379 0.012140
