1 0.814780 0.330388 0.104927 0.043561
1 0.544024 0.258835 0.148269 0.062222
3 0.658987 0.258842 0.078924 0.055997
3 0.168112 0.093173 0.060675 0.048220
3 0.440923 0.135957 0.073451 0.062222
3 0.861998 0.402724 0.046989 0.073106
3 0.671989 0.401941 0.043797 0.074672
1 0.625228 0.335060 0.106294 0.046667
3 0.767106 0.402697 0.051551 0.073052
2 0.720803 0.479719 0.197994 0.049772
3 0.578467 0.400388 0.050181 0.077778
3 0.753877 0.258842 0.067063 0.055997
0 0.500444 0.590937 0.812980 0.185087
3 0.552464 0.141392 0.078465 0.060669
