3 0.879351 0.779161 0.070713 0.052312
2 0.616806 0.544661 0.069343 0.052297
3 0.431816 0.719271 0.082573 0.053976
3 0.463978 0.454396 0.047447 0.087732
1 0.311834 0.727703 0.154652 0.067482
3 0.782409 0.774094 0.075731 0.055670
3 0.665848 0.451024 0.053377 0.080987
3 0.122053 0.883763 0.071625 0.059043
3 0.846276 0.830611 0.083027 0.057364
1 0.765072 0.367511 0.104926 0.042180
0 0.501386 0.602018 0.823903 0.075906
1 0.465802 0.371730 0.108578 0.050619
3 0.712838 0.057084 0.081661 0.055670
3 0.367262 0.450184 0.050183 0.082666
3 0.763019 0.447651 0.044253 0.087732
3 0.808867 0.056244 0.066607 0.060736
