1 0.512795 0.169313 0.151462 0.041109
3 0.559328 0.274440 0.076642 0.032889
3 0.759374 0.270921 0.076187 0.028189
3 0.659006 0.272101 0.072537 0.032889
3 0.105403 0.075931 0.024635 0.035239
3 0.860879 0.272686 0.071169 0.031719
1 0.810241 0.233337 0.102189 0.030539
1 0.165395 0.043042 0.100818 0.025839
1 0.609281 0.232747 0.107207 0.029359
2 0.710332 0.313795 0.066606 0.038759
3 0.881865 0.042457 0.047444 0.036409
3 0.176343 0.074171 0.067060 0.041119
0 0.501618 0.549303 0.816148 0.436958
3 0.724245 0.169318 0.067977 0.036419
3 0.628898 0.170488 0.078009 0.038759
1 0.780587 0.040692 0.151462 0.030539
3 0.249565 0.037757 0.066606 0.036409
