1 0.499882 0.504758 0.810039 0.155212
1 0.500431 0.275955 0.809098 0.047061
1 0.500039 0.363742 0.809804 0.106152
1 0.499796 0.698103 0.808173 0.011152
1 0.500151 0.675276 0.808482 0.011152
1 0.500347 0.652445 0.808875 0.011152
1 0.499739 0.621697 0.807322 0.011152
0 0.203551 0.234709 0.215933 0.011642
3 0.821700 0.216436 0.107808 0.021788
2 0.632425 0.234564 0.026663 0.009230
2 0.805153 0.234577 0.027145 0.009379
2 0.718496 0.234448 0.027133 0.009491
2 0.891312 0.234485 0.027486 0.009467
3 0.649933 0.216529 0.117200 0.021876
