0 0.203551 0.234709 0.215933 0.011642
2 0.891218 0.234436 0.027627 0.009545
2 0.804618 0.234638 0.027565 0.009342
2 0.718412 0.234405 0.027302 0.009567
2 0.632137 0.234617 0.027741 0.009227
3 0.650957 0.216439 0.115514 0.022109
3 0.820524 0.216027 0.103180 0.022218
1 0.498712 0.698148 0.807133 0.011333
1 0.499255 0.675573 0.807129 0.011333
1 0.499980 0.504168 0.808353 0.153548
1 0.500000 0.275345 0.808314 0.045479
1 0.500333 0.362576 0.808039 0.104303
1 0.500231 0.621364 0.807129 0.011333
1 0.499492 0.652715 0.807133 0.011333
