2 0.567582 0.656911 0.039345 0.021379
1 0.500708 0.329879 0.809729 0.168909
1 0.500137 0.563026 0.808745 0.074433
1 0.500137 0.725030 0.810000 0.110667
0 0.125033 0.519353 0.059682 0.010694
2 0.673665 0.656659 0.036655 0.021639
3 0.587906 0.638486 0.098329 0.010852
3 0.792765 0.191729 0.087945 0.009276
0 0.125035 0.203752 0.060855 0.012006
2 0.886627 0.656541 0.037396 0.022173
2 0.779443 0.656789 0.039098 0.021373
0 0.186020 0.662850 0.181984 0.012579
1 0.499792 0.221945 0.809200 0.024921
2 0.871322 0.203306 0.064149 0.010558
3 0.799510 0.638867 0.087404 0.010394
2 0.755671 0.203532 0.062416 0.011009
2 0.890124 0.518542 0.030075 0.010685
