1 0.500608 0.587095 0.811333 0.049524
2 0.761694 0.321170 0.063231 0.011479
0 0.125224 0.210158 0.059922 0.011139
1 0.500904 0.370348 0.811455 0.062564
0 0.124735 0.556244 0.059659 0.011039
1 0.501818 0.253017 0.812733 0.049409
2 0.871184 0.209630 0.064612 0.011030
2 0.857904 0.555926 0.094553 0.011445
2 0.738827 0.555808 0.066627 0.012355
2 0.651453 0.209614 0.061565 0.010936
3 0.799255 0.308268 0.089631 0.011009
2 0.540600 0.209512 0.064078 0.011770
3 0.799514 0.197556 0.086533 0.009179
2 0.760349 0.209708 0.064910 0.010876
3 0.577159 0.308089 0.100961 0.011621
0 0.125808 0.321306 0.061984 0.011624
2 0.873590 0.321011 0.061620 0.011397
2 0.540476 0.321202 0.064984 0.011609
2 0.650800 0.321117 0.064306 0.011627
3 0.576396 0.196623 0.099780 0.011148
